{"nbformat":4,"nbformat_minor":0,"metadata":{"colab":{"provenance":[],"authorship_tag":"ABX9TyPE6abEuZNdULIlBZ+jo45X"},"kernelspec":{"name":"python3","display_name":"Python 3"},"language_info":{"name":"python"}},"cells":[{"cell_type":"code","source":["import numpy as np\n","\n","def unshifted_qr(A, k):\n","    \"\"\"\n","    Unshifted QR Algorithm\n","    :param A: Input matrix (square matrix)\n","    :param k: Number of iterations\n","    :return: Eigenvalues (lam), Eigenvector matrix (Qbar)\n","    \"\"\"\n","    m, n = A.shape\n","    Q = np.eye(m)\n","    Qbar = Q.copy()\n","    R = A.copy()\n","\n","    for _ in range(k):\n","        Q, R = np.linalg.qr(R @ Q)  # NumPy QR factorization\n","        Qbar = Qbar @ Q  # Accumulate Q’s\n","\n","    lam = np.diag(R @ Q)  # Diagonal elements converge to eigenvalues\n","    return lam, Qbar\n","\n"],"metadata":{"id":"g9SluMaHykZZ","executionInfo":{"status":"ok","timestamp":1742814722233,"user_tz":-60,"elapsed":17,"user":{"displayName":"VICTOR BAYONA REVILLA","userId":"03671776238064601850"}}},"execution_count":35,"outputs":[]},{"cell_type":"code","source":["# First matrix\n","A = np.array([[4, 2, 2, 1],\n","              [2, -3, 1, 1],\n","              [2, 1, 3, 1],\n","              [1, 1, 1, 2]])\n","lam, Qbar = unshifted_qr(A, 20)\n","d,V = np.linalg.eig(A)\n","print(\"Computed Eigenvalues:\", lam)\n","print(\"Numpy Eigenvalues:\", d)\n","print(\"-\")\n","print(\"Computed Eigenvectors:\", Qbar)\n","print(\"Numpy Eigenvectors:\", V)"],"metadata":{"colab":{"base_uri":"https://localhost:8080/"},"id":"CGLEth_f1opC","executionInfo":{"status":"ok","timestamp":1742814722314,"user_tz":-60,"elapsed":46,"user":{"displayName":"VICTOR BAYONA REVILLA","userId":"03671776238064601850"}},"outputId":"2b52fb49-d0ce-429a-c1e9-75a730ed864c"},"execution_count":36,"outputs":[{"output_type":"stream","name":"stdout","text":["Computed Eigenvalues: [ 6.64575131 -3.64575131  1.64557867  1.35442133]\n","Numpy Eigenvalues: [ 6.64575131 -3.64575131  1.64575131  1.35424869]\n","-\n","Computed Eigenvectors: [[ 0.72579562 -0.22093805 -0.59901896  0.25609253]\n"," [ 0.24192994  0.965828   -0.02478226  0.08962157]\n"," [ 0.55438732 -0.06060084  0.37817804 -0.7388935 ]\n"," [ 0.32763596 -0.12120314  0.70536763  0.61678277]]\n","Numpy Eigenvectors: [[ 0.72579521  0.22093938 -0.59260931  0.27059438]\n"," [ 0.24193174 -0.96582755 -0.02259388  0.09019813]\n"," [ 0.55438721  0.06060188  0.36008436 -0.74787799]\n"," [ 0.32763574  0.12120376  0.72016872  0.59943431]]\n"]}]},{"cell_type":"code","execution_count":37,"metadata":{"id":"P7D5yD4YyjeN","executionInfo":{"status":"ok","timestamp":1742814722316,"user_tz":-60,"elapsed":25,"user":{"displayName":"VICTOR BAYONA REVILLA","userId":"03671776238064601850"}}},"outputs":[],"source":["def shifted_qr(A, tol, s=None):\n","    \"\"\"\n","    Shifted QR method for computing eigenvalues.\n","    :param A: Input square matrix\n","    :param tol: Tolerance for convergence\n","    :param s: Initial shift (optional)\n","    :return: Eigenvalues (lam)\n","    \"\"\"\n","    A = A.copy()\n","    m, n = A.shape\n","    lam = np.zeros(n)\n","\n","    if s is None:\n","        s = A[-1, -1]  # Default shift if not provided\n","    it = 0\n","    while m > 1:\n","        while np.max(np.abs(A[m-1, :m-1])) > tol:\n","            Q, R = np.linalg.qr(A - s * np.eye(m))\n","            A = R @ Q + s * np.eye(m)\n","            s = A[-1, -1]  # Update shift\n","            it += 1\n","        lam[m-1] = A[m-1, m-1]  # Store eigenvalue\n","        m -= 1  # Deflate\n","        A = A[:m, :m]\n","\n","    lam[0] = A[0, 0]  # Last remaining eigenvalue\n","    return lam,it"]},{"cell_type":"code","source":["print(\"-\")\n","lam2,it = shifted_qr(A, 1e-5)\n","print(\"Number of iterations:\",it)\n","print(\"Computed shifted Eigenvalues:\", lam2)\n","print(\"Computed unshifted Eigenvalues:\", lam)\n","print(\"Numpy Eigenvalues:\", d)"],"metadata":{"colab":{"base_uri":"https://localhost:8080/"},"id":"fB9fp2QAv4a5","executionInfo":{"status":"ok","timestamp":1742814722322,"user_tz":-60,"elapsed":28,"user":{"displayName":"VICTOR BAYONA REVILLA","userId":"03671776238064601850"}},"outputId":"49559e24-9300-4c1c-cd8d-9ea4df613167"},"execution_count":38,"outputs":[{"output_type":"stream","name":"stdout","text":["-\n","Number of iterations: 9\n","Computed shifted Eigenvalues: [ 6.64575131 -3.64575131  1.35424869  1.64575131]\n","Computed unshifted Eigenvalues: [ 6.64575131 -3.64575131  1.64557867  1.35442133]\n","Numpy Eigenvalues: [ 6.64575131 -3.64575131  1.64575131  1.35424869]\n"]}]},{"cell_type":"code","source":["# Second matrix\n","A = np.array([[2, -12, 12, 12],\n","              [-5, -1, -5, 1],\n","              [-1, 7, -7, -7],\n","              [-3, -5, 1, 9]])\n","lam, Qbar = unshifted_qr(A, 100)\n","d,V = np.linalg.eig(A)\n","print(\"Matrix 2:\")\n","print(\"Computed Eigenvalues:\", lam)\n","print(\"Numpy Eigenvalues:\", d)\n","print(\"-\")\n","print(\"-\")\n","print(\"Computed Eigenvectors:\", Qbar)\n","print(\"Numpy Eigenvectors:\", V)"],"metadata":{"id":"Q1NJawtchxgB","colab":{"base_uri":"https://localhost:8080/"},"executionInfo":{"status":"ok","timestamp":1742814722333,"user_tz":-60,"elapsed":8,"user":{"displayName":"VICTOR BAYONA REVILLA","userId":"03671776238064601850"}},"outputId":"c34cacd8-2c9a-4e65-8167-814fcf138183"},"execution_count":39,"outputs":[{"output_type":"stream","name":"stdout","text":["Matrix 2:\n","Computed Eigenvalues: [-5.18602606  4.68087214  3.99999983 -0.4948459 ]\n","Numpy Eigenvalues: [-5.18347642 -0.4948459   4.          4.67832232]\n","-\n","-\n","Computed Eigenvectors: [[ 0.77568204  0.24405502 -0.29401898  0.50230206]\n"," [ 0.28534319 -0.94847189  0.10913859  0.08407801]\n"," [-0.47743825 -0.04767438  0.17100299  0.86054509]\n"," [ 0.29824379  0.1963807   0.93402333 -0.0092563 ]]\n","Numpy Eigenvectors: [[ 0.77572061  0.66623322 -0.80380475  0.78907549]\n"," [ 0.28519326 -0.42130804  0.31817271 -0.25140701]\n"," [-0.47744578 -0.61302685  0.43539424 -0.43218298]\n"," [ 0.29827482  0.05320637 -0.25118898  0.35689251]]\n"]}]},{"cell_type":"code","source":["# Third matrix\n","A = np.array([[8, 20, -4, -20],\n","              [3, 1, 3, -3],\n","              [-5, -13, 3, 13],\n","              [5, 7, 1, -9]])\n","lam, Qbar = unshifted_qr(A, 100)\n","d = np.linalg.eigvals(A)\n","print(\"Matrix 3:\")\n","print(\"Computed Eigenvalues:\", lam)\n","print(\"Numpy Eigenvalues:\", d)\n","print(\"-\")"],"metadata":{"id":"6vOW7ZFphyYg","colab":{"base_uri":"https://localhost:8080/"},"executionInfo":{"status":"ok","timestamp":1742814722349,"user_tz":-60,"elapsed":15,"user":{"displayName":"VICTOR BAYONA REVILLA","userId":"03671776238064601850"}},"outputId":"922b8499-8acc-4375-e376-74a75c8b3d98"},"execution_count":40,"outputs":[{"output_type":"stream","name":"stdout","text":["Matrix 3:\n","Computed Eigenvalues: [ 4.00000000e+00 -2.00000000e+00  1.00000000e+00  4.40606103e-15]\n","Numpy Eigenvalues: [ 4.00000000e+00 -2.00000000e+00  1.00000000e+00 -9.78478367e-15]\n","-\n"]}]}]}